
endtime =

   1.6406e+04

