
endtime =

   2.1716e+04

